100
2 1
500 300
900
660
2 1
500 300
1500
809
2 2
50 100
450 449
1100 1101
2 1
500 300
300
500
1 8
10
11 13 17 11 16 14 12 18
1 3
1000000
899999 900000 900001
2 4
7 7
57 63 47 49
77 49 53 56
2 8
2 10
1600 199 440 1089 600 762 1260 1055
3000 912 1800 8000 5637 5309 4202 7700
2 1
3 2
6497
4363
1 2
4
10120 10056
2 2
5 4
922 516
428 744
1 8
6
18 6 6 18 66 45 38 12
1 4
5
3068 10800 8555 8000
2 8
338476 158738
960623 594045 897502 879133 739538 968609 417590 793627
351718 834922 898521 401629 925249 624741 943226 905955
1 7
10
77 110 40 28 10 88 19
2 5
3 6
4243 4620 3964 4200 3939
8400 8474 8177 7991 7560
1 1
5
9
2 7
8 7
6190 7128 7128 6107 6938 6408 5820
5894 5174 5607 5520 5103 5561 5103
1 3
10
90 71 43
1 2
198637
637699 611644
2 3
3 7
2008 548 1500
3500 4727 1309
2 8
1 1
1000000 999999 999998 999997 999996 999995 999994 999993
999992 999991 999990 999989 999988 999987 999986 999985
1 5
235412
877680 821398 999864 675724 890597
2 8
9 4
21780 20369 20913 19451 19755 21879 19809 20439
7920 8780 8034 8343 9189 8804 9433 7956
1 6
1
2197 2367 2200 1980 2200 1998
2 3
256317 447508
876502 993322 509194
579507 939221 671469
2 3
6 7
12624 13141 12389
14273 16173 14728
2 8
328701 66382
671748 629559 695402 738691 881201 887351 849035 499810
783782 540048 506342 271133 946232 984340 605543 806351
1 7
3
3 22 27 6 6 18 3
1 6
8
11985 12171 11200 10681 10984 10080
2 4
2 9
2008 1867 1893 2121
9330 9449 8442 9036
2 8
6 8
1320 1206 1114 1142 1300 1134 1206 1218
1624 1598 1756 1704 1440 1848 1494 1608
2 8
10 7
53 60 65 110 60 75 110 63
42 50 44 63 37 63 43 38
2 7
8 6
40 33 72 35 64 42 45
30 34 25 66 48 30 25
2 8
3 1
9 33 6 20 19 33 6 24
9 3 7 2 8 2 7 9
2 7
10 3
12600 13757 12785 13960 13958 14304 14000
4188 4620 4571 3896 4200 4027 4362
1 6
10
11 10 90 10 9 90
2 3
6381 277064
365656 640661 192610
791932 981641 818976
1 2
9
900 1831
2 1
110206 1503
941047
526682
2 7
3 2
2400 2485 2340 2640 2434 2400 2253
1600 1623 1600 1449 1440 1463 1605
2 8
7 9
734 5600 3150 1437 4550 2100 5091 2678
2700 928 5818 6896 3356 4950 7200 1679
2 8
6 2
14074 14593 12960 13552 13740 14400 15079 12960
5280 5262 5280 4953 5113 4633 4745 4800
1 3
9
27 69 81
2 3
1 3
731 711 630
2088 2148 2310
2 2
4 4
4 4
4 4
2 4
1 3
400 410 387 440
1080 1292 1200 1260
2 8
10169 563952
565493 517436 746957 129080 726555 805997 516820 955108
828801 750464 542949 869685 779829 591289 408011 761020
2 8
5 4
7496 8000 8488 7211 908 6050 12535 2060
6400 1653 3960 5674 6903 5554 776 10079
2 8
3 8
4921 4084 4328 4253 4500 4083 4050 4500
12857 11474 12000 13200 12000 12143 11037 11203
2 2
109197 1895
592232 784928
615706 860347
2 7
5 10
6050 10316 5674 10350 7677 10749 4500
9900 25300 19914 10870 15190 9000 22113
2 6
8 10
3212 874 1760 3673 2400 4469
5973 1023 4331 3000 4946 1800
2 3
8 6
51 56 50
38 36 38
2 8
3 10
7746 6781 6750 7500 6750 7514 7278 7500
25000 25200 24316 24921 27500 27500 22981 25000
1 6
8
20167 21208 19184 18890 19985 19208
2 6
8 7
16574 14960 18480 16800 17642 10501
15989 10710 13547 14700 8455 13230
2 6
5 8
1443 906 2250 2150 500 3000
1498 800 3382 4800 2306 4400
2 2
263942 58938
570059 983075
702820 884953
2 4
3 6
6036 5788 5137 5700
11073 10728 11412 11400
1 3
2
2400 4620 2665
2 4
6 2
11253 8289 13800 540
2978 4600 3662 220
1 3
1
1 1 1
2 8
5 2
5 5 55 5 5 5 5 5
2 2 2 2 2 18 2 2
2 7
10 6
1972 4400 1000 6611 3196 6000 4818
1920 3819 600 1094 3600 2160 2972
2 5
10 6
6832 13013 17600 17196 20000
11366 8640 3863 7874 12000
1 2
3
3900 4130
1 4
2
4395 5128 4794 5302
2 3
7 4
3507 3470 3531
2004 1806 2033
2 1
90793 159422
429713
700429
1 2
3
2570 2703
1 6
6
2788 1111 540 3240 2400 1972
1 8
4
3045 2173 360 1440 800 2028 1143 2800
1 7
9
81 60 28 55 54 56 69
2 8
7 2
5606 16800 14049 15247 18097 1540 9421 4620
360 2689 4800 4294 3838 5104 1685 1080
1 2
10
9038 9000
1 3
9
2552 818 1800
1 1
106301
582888
1 3
4
5200 3217 4408
2 6
55668 94981
987217 617832 549265 917846 954435 600411
907716 994177 922612 996317 767849 891086
2 1
9 9
3925
3737
2 1
8 2
10575
2806
1 7
1
1 1 1 1 1 1 9
2 8
116652 61165
833719 905079 985358 388445 909415 897932 546080 772583
983525 333264 914730 980569 273068 969313 510422 441224
2 1
1 10
1
11
2 5
3 1
844 300 540 1574 1130
281 220 100 426 517
1 8
9
63 33 81 35 36 42 49 81
1 2
4
400 857
1 8
10
2 4 8 5 6 1 7 3
1 2
194015
975485 678117
1 8
9
1800 6300 2970 4404 912 5625 3569 6480
2 4
2 4
202 368 573 720
723 1760 401 1130
2 6
6 3
8400 631 5940 1273 3787 1187
290 1965 612 3630 588 4200
1 1
9
5205
2 4
8 10
8888 7863 7984 7386
9090 9980 10566 9291
1 2
51372
761506 661018
2 6
10 6
13709 14621 15487 13500 15858 15000
9657 9900 9466 8416 8795 9000
1 5
4
5760 6571 6310 6400 5784
2 1
2 1
2700
1650
2 8
6 6
6 6 6 6 66 66 6 6
6 54 6 6 6 54 6 6
