99
2525 1
2400 5
300 2
120 60
60 90
657760791 1
521543795 633
1000000000 1
999999999 10000
223223445 1
157621998 118
1000000000 2
999999998 3
999999999 2
84675808 1
64799384 8259
245963330 1
171000510 1694
7434902 1
4770691 1408
698529080 1
663880416 1688
481812727 1
30612275 7807
560816130 1
290190187 906
111490609 1
74639162 7622
1000000000 1
1 10000
147570162 1
48595259 2949
225073557 1
170648487 7747
814306131 1
758515604 4514
220034441 1
5880702 8836
527561441 1
320356711 8109
110436792 1
81570752 8543
1000000000 2
2 2
1 3
813138927 1
469278822 7251
999304334 1
935295650 1160
45855247 2
22045694 8395
28868971 2164
908566298 1
410980927 3084
997291255 1
782554862 3693
118341430 1
24378059 6444
238781880 1
136166145 8523
295076569 1
267915214 4561
434989806 1
362443816 205
909883413 1
200547223 6707
818138822 1
563854415 4297
313992633 1
131007045 2223
540884137 1
278045269 8395
57822705 1
21068203 1534
889783288 1
356972961 5394
955767998 1
636280918 4218
501277612 1
163868083 7514
760770837 1
394535853 1616
338432169 1
102277733 8564
483217031 1
178888939 5635
283617821 1
91269462 1280
370969791 1
75452240 6777
193110048 1
110808849 4371
898905820 1
382554912 8157
436675912 1
410103937 4039
601076283 1
543034794 4741
1000000000 2
999000000 10000
998000000 10000
924637184 1
757234833 817
672260042 1
120420182 786
756420184 1
157010537 7748
2 1
1 10000
453819890 1
295450883 1619
1000000000 1
999999999 1
746521661 1
585053994 8272
33921880 1
25400309 2245
642928589 2
107932846 8354
36950691 5528
282742837 1
121808857 9032
684099831 1
382614977 359
1000000000 2
999999997 2
999999996 3
869244751 1
52451569 255
1000000000 2
12345675 3
12345676 2
200000 2
5000 3
5001 1
951905517 1
480814637 7831
1000000000 2
200 10000
100 10000
1000000000 1
1 1
843924469 1
232304668 3826
120484373 1
69834515 6295
102324952 1
9398488 975
708601701 1
421597937 2772
137168990 1
24560982 4508
721157314 1
5517059 4805
998102146 1
2038976 1237
743183530 1
365087620 8826
316580337 1
12800950 1850
834557515 1
479400860 2838
942065629 1
832204830 3503
164027822 1
133364485 6035
821644811 1
795388151 470
666577365 1
447286207 7246
568593277 1
327117054 4663
420800846 1
334985555 1670
678834282 1
149084248 4571
630414441 1
391476 7554
868129038 1
346255112 4954
87121002 1
67565702 2481
566849817 1
86413601 6299
907359965 1
483154932 6618
139037830 1
111188891 2347
949684400 1
241287495 2019
29791804 1
25647782 4607
1000000000 2
999999998 2
999999997 3
830618499 1
289261719 7626
2 1
1 1
908483811 1
887458346 8273
875608511 1
88756409 4548
904643055 1
558246606 6722
271430783 1
111464286 599
1000000000 2
998000000 1
999000000 1
