99
6 2 0 2 0 2 0
3 1 0 2 0 0 0
1000 500 0 250 0 250 0
919 46 0 534 0 339 0
610 215 0 186 0 209 0
3 0 0 0 0 3 0
4 2 0 2 0 0 0
984 480 0 129 0 375 0
188 67 0 38 0 83 0
973 230 0 456 0 287 0
741 346 0 62 0 333 0
1000 500 0 499 0 1 0
453 116 0 143 0 194 0
822 349 0 111 0 362 0
664 298 0 237 0 129 0
700 185 0 257 0 258 0
369 44 0 164 0 161 0
371 173 0 24 0 174 0
701 226 0 174 0 301 0
219 33 0 98 0 88 0
407 47 0 250 0 110 0
77 27 0 30 0 20 0
49 24 0 9 0 16 0
278 139 0 60 0 79 0
73 2 0 68 0 3 0
3 1 0 1 0 1 0
4 1 0 2 0 1 0
913 444 0 386 0 83 0
161 63 0 72 0 26 0
137 51 0 50 0 36 0
1000 499 0 501 0 0 0
426 107 0 202 0 117 0
38 3 0 35 0 0 0
843 376 0 296 0 171 0
774 293 0 183 0 298 0
5 2 0 2 0 1 0
200 82 0 82 0 36 0
649 154 0 226 0 269 0
5 1 0 3 0 1 0
139 49 0 22 0 68 0
319 18 0 288 0 13 0
982 395 0 241 0 346 0
867 260 0 432 0 175 0
749 285 0 301 0 163 0
724 254 0 353 0 117 0
497 120 0 217 0 160 0
547 45 0 244 0 258 0
4 1 0 1 0 2 0
3 2 0 0 0 1 0
999 333 0 333 0 333 0
999 1 0 499 0 499 0
999 500 0 0 0 499 0
986 449 0 97 0 440 0
485 178 0 111 0 196 0
710 331 0 203 0 176 0
563 250 0 63 0 250 0
5 2 0 0 0 3 0
274 271 0 2 0 1 0
474 140 0 151 0 183 0
6 3 0 2 0 1 0
389 113 0 170 0 106 0
263 91 0 77 0 95 0
311 104 0 168 0 39 0
1000 333 0 333 0 334 0
98 23 0 40 0 35 0
718 267 0 181 0 270 0
265 44 0 129 0 92 0
383 191 0 107 0 85 0
876 313 0 422 0 141 0
859 135 0 82 0 642 0
7 2 0 3 0 2 0
968 426 0 122 0 420 0
346 32 0 158 0 156 0
377 121 0 176 0 80 0
594 293 0 73 0 228 0
710 310 0 60 0 340 0
402 191 0 81 0 130 0
917 20 0 897 0 0 0
206 60 0 64 0 82 0
267 19 0 125 0 123 0
758 112 0 274 0 372 0
999 250 0 499 0 250 0
559 242 0 85 0 232 0
6 3 0 0 0 3 0
761 223 0 228 0 310 0
88 62 0 17 0 9 0
326 115 0 150 0 61 0
1000 500 0 500 0 0 0
429 189 0 63 0 177 0
192 5 0 95 0 92 0
873 404 0 322 0 147 0
359 102 0 136 0 121 0
4 2 0 1 0 1 0
445 162 0 87 0 196 0
556 210 0 148 0 198 0
999 250 0 500 0 249 0
318 77 0 97 0 144 0
706 247 0 317 0 142 0
4 3 0 1 0 0 0
